1 10
100 200
201 210
900 1000
100000 200000
300000 200000
300000 400000
500000 400000
500000 600000
700000 600000
700000 800000
900000 800000
8 8
16 16
32 32
64 64
128 128
256 256
512 512
1024 1024
2048 2048
4096 4096
8192 8192
16384 16384
32768 32768
65536 65536
131072 131072
262144 262144
524288 524288
3 3
7 7
15 15
17 17
1023 1023
1025 1025
2047 2047
242 59
43 96
65 100
13 52 
54 77 
656 945 
87 645 
45 64 
56 84 
765 821 
43 100 
12 45 
73 200 
6 56 
8 16 
3 5 
57 154 
9 87 
31 14
68 31
68 54
88 86
59 70
21 50 
65 70 
73 90 
48 200 
59 100 
26 150 
15 60 
487 500 
32 37 
65 95 
98 110 
87 120 
2913 937828
1772 389461
558 263072
700 170258
2331 58600
2485 239670
1037 381282
2872 783246
103 240100
1826 445066
3049 926343
58 999
90 20
2984 2804
3333  3333
4303 4300
43092 9482
3092 30230
30940 30330
5885 9585
3434 9404
2222 2222
3213 3125
1260 3850
2950 3921
9239 13921
9249 4892
9403 4949
552 779
339 390
392 492
492 409
4843 9302



